The min Delta: 0.07
0
1.0049241282283188
2.0197450069908927
3.0445601020250708
4.079467838935779
5.124567612648542
6.179959796955603
7.24574575415605
8.32202784479089
9.408909437473987
10.506494918819827
11.614889703469043
12.734200244212683
13.864534042216185
15.00599965734403
16.15870671858609
17.322765934586634
18.498289104277067
19.68538912761333
20.88418001641909
22.09477690533569
23.317296062879944
24.55185490261085
25.79857199440623
27.05756707585049
28.328961063734454
29.61287606566853
30.909435391810177
32.21876356670691
33.54098634125593
34.87623070478151
36.22462489723138
37.586298421493126
38.96138205583202
40.35000786645121
41.75230922017568
43.16842079726112
44.59847860432891
46.04261998742852
47.500983645228544
48.97370964233762
50.46093942275658
51.96281582346306
53.47948308812987
55.011086880978496
56.55777430076906
58.11969389492798
59.69699567381482
61.289831125129645
62.89835322846225
64.52271646998464
66.16307685728829
67.8195919343674
69.49242079674987
71.18172410677715
72.88766410903463
74.61040464593398
76.35011117344897
78.10695077700619
79.88109218753243
81.67270579765987
83.48196367809105
85.30903959412491
87.15410902234562
89.01734916747574
90.89893897939541
92.79905917032906
94.71789223220146
96.65562245416466
98.61243594029752
100.58852062747962
102.58406630344113
104.59926462499045
106.63430913642138
108.68939528810154
110.76472045524393
112.86048395686326
114.97688707491899
117.11413307364697
119.27242721908134
121.4519767987688
123.65299114167698
125.87568163829886
128.1202617609552
130.38694708429693
132.67595530600943
134.9875062677207
137.3218219761155
139.67912662425732
142.05964661312046
144.46361057333408
146.8912493871404
149.34279621056916
151.8184864958305
154.31855801392834
156.84325087749633
159.39280756385898
161.96747293831964
164.56749427767804
167.19312129397915
169.84460615849628
172.52220352595006
175.22617055896615
177.95676695277368
180.714254960147
183.49889941659302
186.31096776578667
189.15073008525678
192.01845911232493
194.9144302702998
197.8389216949294
200.79221426111403
203.7745916098819
206.7863401756309
209.82774921363833
212.89911082784158
216.00071999889258
219.13287461248834
222.29587548798062
225.49002640726735
228.7156341439684
231.973008492889
235.26246229977303
238.58431149134952
241.93887510567495
245.32647532277434
248.7474374955843
252.20209018120056
255.69076517243337
259.2137975296737
262.77152561307315
266.3642911150409
269.99243909306057
273.65631800283046
277.3562797317298
281.0926796326151
284.86587655794887
288.67623289426473
292.5241145969718
296.4098912255019
300.33393597880297
304.2966257311819
308.29834106850035
312.33946632472714
316.42038961885066
320.5415028921546
324.7032019458609
328.9058864791434
333.14996012751607
337.43583050159873
341.76390922626524
346.1346119801768
350.54835853570466
355.0055727992459
359.5066828519367
364.05212099076596
368.64232377009415
373.2777320435812
377.9587910065267
382.685950238628
387.45966374715834
392.28039001057124
397.1485920225335
402.0647373363922
407.02929811007994
412.0427511514615
417.1055779641279
422.21826479364097
427.38130267423355
432.59518747596957
437.86041995236843
443.1775057884987
448.5469556495451
453.96928522985417
459.44501530246254
464.9746717691133
470.5587857107647
476.19789343859657
481.89253654551874
487.6432619581869
493.4506219895307
499.31517439179925
505.2374824101287
511.2181148366378
517.2576460650562
523.3566561458898
529.5157308421311
535.7354616855166
542.016446033339
548.3592871258188
554.7645941440411
561.2329822684624
567.765072737994
574.3614929096676
581.0228763188875
587.7498627402774
594.5430982491255
601.403235283435
608.3309327065862
615.3268558706145
622.391676680113
629.5260736567637
636.7307320045039
644.0063436753352
651.3536074357796
658.7732289339915
666.265920767529
673.8324025517937
681.4734009891444
689.1896499386908
696.9818904867756
704.8508710181497
712.7973472878491
720.8220824937791
728.9258473500137
737.1094201608167
745.3735868953921
753.71914126337
762.1468847910367
770.6576268983144
779.2521849765011
787.9313844667731
796.6960589394637
805.5470501741203
814.4852082403512
823.5113915794683
832.6264670869336
841.8313101956181
851.12680495988
860.5138441404717
869.9933292902824
879.5661708409253
889.2332881901777
898.995609790282
908.8540732371162
918.8096253602432
928.8632223138462
939.0158296685601
949.2684225042066
959.6219855034441
970.077513046338
980.6360093058638
991.2984883443498
