The min Delta: 0.03
0
1.0009008107296566
2.003604865838568
3.008115414090504
4.014435710102278
5.022569014354289
6.032518593201089
7.0442877188819635
8.057879669531536
9.073297729190385
10.09054518781569
11.109625341291888
12.130541491441349
13.153296946035077
14.177895018803431
15.204339029446857
16.23263230364664
17.262778173075688
18.294779975409323
19.328641054336096
20.36436475956861
21.40195444685439
22.441413477986746
23.48274522081567
24.525953049258735
25.57104034331205
26.618010489061184
27.66686687869216
28.717612910502435
29.77025198891191
30.824787524473955
31.88122293388648
32.93956164000298
33.99980707184364
35.06196266460645
36.12603185967831
37.1920181046462
38.25992485330836
39.32975556568546
40.40151370803181
41.4752027528466
42.55082617888516
43.62838747117021
44.70789012100316
45.78933762597544
46.8727334899798
47.95808122322168
49.04538434223059
50.13464636987148
51.22587083535619
52.31906127425484
53.41422122850733
54.51135424643478
55.61046388275104
56.711553698574235
57.81462726143825
58.91968814530431
60.0267399305726
61.135786204093804
62.24683055918075
63.35987659562007
64.47492791968385
65.5919881441413
66.71106088827047
67.83214977786999
68.95525844527081
70.08039052934797
71.20754967553236
72.33673953582259
73.46796376879675
74.60122603962432
75.73653002007805
76.87387938854582
78.01327783004254
79.15472903622218
80.29823670538963
81.44380454251274
82.59143625923431
83.74113557388412
84.89290621149095
86.04675190379471
87.20267638925846
88.36068341308057
89.52077672720682
90.68296009034262
91.8472372679651
93.01361203233537
94.18208816251074
95.35266944435692
96.52535967056035
97.70016264064043
98.87708216096188
100.05612204474701
101.23728611208817
102.42057818996001
103.60600211223198
104.7935617196807
105.98326086000242
107.17510338782546
108.36909316472276
109.56523405922431
110.76352994682976
111.96398471002092
113.1666022382744
114.3713864280741
115.578341182924
116.78747041336067
117.99877803696596
119.21226797837977
120.4279441693127
121.64581054855879
122.8658710620083
124.08812966266049
125.31259031063647
126.53925697319191
127.76813362473004
128.99922424681444
130.23253282818195
131.46806336475558
132.70581985965754
133.94580632322214
135.18802677300874
136.43248523381487
137.67918573768924
138.9281323239447
140.1793290391715
141.43277993725027
142.68848907936524
143.9464605340173
145.20669837703724
146.46920669159903
147.7339895682329
149.00105110483864
150.270395406699
151.54202658649288
152.81594876430862
154.0921660676574
155.37068263148663
156.65150259819333
157.93463011763757
159.22006934715588
160.50782445157475
161.79789960322407
163.09029898195072
164.3850267751321
165.68208717768965
166.98148439210246
168.28322262842093
169.58730610428037
170.89373904491464
172.2025256831699
173.51367025951834
174.82717702207177
176.14305022659556
177.46129413652235
178.78191302296588
180.1049111647348
181.43029284834657
182.75806236804132
184.08822402579577
185.42078213133718
186.75574100215732
188.09310496352643
189.43287834850724
190.77506549796908
192.1196707606018
193.46669849292996
194.816153059327
196.16803883202923
197.52236019115009
198.87912152469434
200.23832722857227
201.59998170661393
202.96408937058342
204.33065464019313
205.69968194311812
207.07117571501044
208.44514039951352
209.82158044827653
211.20050032096884
212.58190448529447
213.96579741700654
215.35218359992177
216.74106752593505
218.13245369503392
219.52634661531323
220.9227508029897
222.32167078241656
223.7231110860982
225.12707625470495
226.53357083708755
227.9425993902922
229.35416647957507
230.76827667841727
232.18493456853952
233.60414473991713
235.02591179079477
236.4502403277014
237.87713496546525
239.30660032722867
240.73864104446318
242.1732617569845
243.61046711296746
245.05026176896118
246.49265038990416
247.9376376491393
249.38522822842913
250.8354268179709
252.28823811641183
253.74366683086438
255.2017176769214
256.6623953786714
258.1257046687141
259.5916502881753
261.0602369867227
262.53146952258106
264.0053526625477
265.4818911820078
266.96108986495005
268.4429535039821
269.92748690034597
271.41469486393385
272.90458221330334
274.3971537756934
275.8924143870399
277.390368891991
278.8910221439233
280.3943790049573
281.9004443459731
283.40922304662644
284.9207199953642
286.43494008944054
287.9518882349325
289.471569346756
290.99398834868185
292.5191501733517
294.04705976229377
295.57772206593916
297.11114204363776
298.64732466367434
300.1862749032846
301.7279977486713
303.27249819502066
304.81978124651806
306.36985191636467
307.9227152267935
309.4783762090858
311.03683990358724
312.5981113597242
314.1621956360204
315.7290978001129
317.2988229287689
318.87137610790194
320.4467624325884
322.0249870070841
323.6060549448409
325.1899713685229
326.7767414100236
328.36637021048205
329.95886292029974
331.55422469915726
333.15246071603093
334.75357614920966
336.35757618631163
337.9644660243012
339.57425086950565
341.1869359376321
342.80252645378437
344.42102765248
346.04244477766713
347.6667830827415
349.2940478305635
350.9242442934751
352.5573777533172
354.1934535014465
355.8324768387527
357.4744530756757
359.1193875322228
360.76728553798597
362.4181524321591
364.0719935635552
365.728814290624
367.3886199814689
369.0514160138647
370.7172077752749
372.38600066286926
374.05780008354105
375.7326114539248
377.4104402004137
379.0912917591773
380.7751715761791
382.4620851071941
384.1520378178266
385.84503518352784
387.5410826896137
389.2401858312825
390.9423501136329
392.6475810516817
394.35588417038156
396.06726500463907
397.78172909933267
399.49928200933044
401.2199292995084
402.94367654476827
404.6705293300556
406.400493250378
408.1335739108231
409.8697769265768
411.60910792294135
413.3515725353538
415.0971764094041
416.84592520085334
418.5978245756522
420.35288020995927
422.11109779015936
423.8724830128821
425.63704158502026
427.40477922374816
429.1757016565404
430.94981462119034
432.7271238658287
434.507635148942
436.29135423939147
438.0782869164317
439.86843896972925
441.66181619938146
443.45842441593527
445.25826944040597
447.0613571042962
448.8676932496147
450.67728372889536
452.49013440521605
454.3062511522177
456.12563985412345
457.94830640575736
459.77425671256384
461.6034966906267
463.43603226668824
465.2718693781686
467.1110139731848
468.9534720105702
470.7992494598936
472.64835230147884
474.50078652642395
476.3565581366207
478.215673144774
480.07813757442125
481.9439574599522
483.8131388466281
485.6856877906016
487.5616103589362
489.4409126296259
491.32360069161507
493.20968064481787
495.0991586001383
496.99204067949
498.88833301581576
500.7880417531078
502.69117304642737
504.5977330619249
506.50772797685977
508.4211639796206
510.338047269745
512.2583840579399
514.1821805661016
516.1094430273357
518.0401776859777
519.974390797613
521.912088629097
523.8532774585759
525.7979635755066
527.7461532806772
529.6978528862273
531.6530687156691
533.6118071039067
535.5740743972577
537.5398769534734
539.5092211417591
541.4821133427952
543.4585599487576
545.4385673633385
547.4221420017672
549.4092902908305
551.4000186688943
553.3943335859236
555.3922415035041
557.3937488948627
559.3988622448885
561.407588050154
563.4199328189362
565.4359030712374
567.4555053388063
569.4787461651599
571.5056321056036
573.5361697272532
575.5703656090559
577.6082263418117
579.6497585281948
581.6949687827746
583.7438637320379
585.7964500144096
587.8527342802748
589.9127231919999
591.9764234239543
594.0438416625321
596.114984606174
598.1898589653883
600.2684714627737
602.3508288330399
604.4369378230303
606.5268051917436
608.6204377103555
610.7178421622409
612.8190253429956
614.9239940604587
617.0327551347343
619.1453153982139
621.2616816955983
623.3818608839199
625.5058598325647
627.633685423295
629.7653445502712
631.9008441200745
634.040191051729
636.1833922767247
638.3304547390389
640.4813853951597
642.6361912141081
644.7948791774605
646.9574562793716
649.123929526597
651.2943059385155
653.4685925471526
655.6467963972026
657.8289245460516
660.0149840638004
662.2049820332878
664.3989255501128
666.5968217226583
668.7986776721136
671.0045005324978
673.2142974506827
675.4280755864161
677.645842112345
679.8676042140388
682.0933690900124
684.32314395175
686.556936023728
688.7947525434384
691.0366007614128
693.2824879412452
695.532421359616
697.7864083063154
700.0444560842669
702.3065720095514
704.5727634114303
706.8430376323697
709.1174020280641
711.3958639674601
713.6784308327802
715.9651100195473
718.2559089366079
720.5508350061564
722.8498956637593
725.1530983583792
727.4604505523989
729.7719597216455
732.0876333554149
734.4074789564957
736.7315040411936
739.059716139356
741.3921227943964
743.7287315633183
746.0695500167403
748.4145857389204
750.7638463277805
753.1173393949309
755.4750725656955
757.8370534791359
760.2032897880764
762.5737891591289
764.9485592727175
767.3276078231037
769.710942518411
772.0985710806501
774.4905012457439
776.8867407635522
779.2872973978975
781.6921789265896
784.1013931414508
786.5149478483416
788.9328508671856
791.3551100319949
793.7817331908955
796.2127282061529
798.6481029541972
801.087865325649
803.5320232253449
805.9805845723629
808.433557300048
810.8909493560385
813.352768702291
815.8190233151066
818.2897211851568
820.7648703175092
823.2444787316534
825.7285544615273
828.2171055555427
830.7101400766117
833.2076661021725
835.7096917242163
838.2162250493125
840.7272741986357
843.2428473079916
845.7629525278438
848.2875980233399
850.8167919743378
853.3505425754325
855.8888580359828
858.4317465801373
860.9792164468616
863.5312758899648
866.0879331781261
868.6491965949219
871.2150744388523
873.7855750233683
876.3607066768985
878.9404777428763
881.5248965797666
884.1139715610934
886.7077110754664
889.3061235266082
891.9092173333822
894.5170009298191
897.1294827651445
899.7466713038066
902.368575025503
904.9952024252086
907.6265620132032
910.2626623150986
912.9035118718668
915.5491192398674
918.1994929908751
920.8546417121078
923.5145740062543
926.1792984915023
928.8488238015661
931.5231585857147
934.2023115087998
936.8862912512839
939.5751065092684
942.2687659945218
944.9672784345079
947.6706525724142
950.3788971671798
953.0920209935244
955.8100328419764
958.5329415189012
961.2607558465301
963.9934846629886
966.7311368223254
969.4737211945406
972.2212466656148
974.9737221375376
977.7311565283369
980.4935587721073
983.2609378190393
986.0333026354484
988.8106622038038
991.5930255227577
994.3804016071746
997.1727994881604
999.9702282130916
1002.7726968456444
1005.5802144658247
1008.3927901699969
1011.2104330709137
1014.0331522977455
1016.86095699611
1019.6938563281018
1022.5318594723221
1025.3749756239088
1028.2232139945654
1031.076583812592
1033.935094322914
1036.798754787113
1039.6675744834565
1042.5415627069278
1045.4207287692564
1048.3050819989478
1051.194631741314
1054.0893873585037
1056.9893582295329
1059.8945537503148
1062.8049833336904
1065.7206564094593
1068.6415824244098
1071.5677708423498
1074.4992311441376
1077.4359728277122
1080.3780054081244
1083.3253384175675
1086.2779814054081
1089.2359439382174
1092.1992355998016
1095.1678659912336
1098.1418447308836
1101.1211814544504
1104.105885814993
1107.095967482961
1110.0914361462274
1113.092301510118
1116.0985732974448
1119.110261248536
1122.1273751212689
1125.1499246911
1128.177919751098
1131.2113701119747
1134.2502856021174
1137.2946760676202
1140.3445513723161
1143.3999213978093
1146.4607960435064
1149.5271852266496
1152.5990988823478
1155.676546963609
1158.7595394413736
1161.848086304545
1164.942197560023
1168.0418832327366
1171.1471533656752
1174.2580180199222
1177.3744872746875
1180.4965712273392
1183.624279993438
1186.757623706768
1189.8966125193715
1193.0412566015805
1196.1915661420499
1199.3475513477906
1202.5092224442035
1205.6765896751108
1208.849663302791
1212.0284536080108
1215.212970890059
1218.4032254667802
1221.5992276746074
1224.8009878685962
1228.0085164224581
1231.221823728594
1234.440920198128
1237.665816260941
1240.896522365705
1244.133048979916
1247.375406589929
1250.623605700991
1253.8776568372755
1257.1375705419168
1260.403357377044
1263.6750279238147
1266.9525927824504
1270.2360625722697
1273.5254479317232
1276.8207595184283
1280.1220080092032
1283.4292041001015
1286.7423585064473
1290.0614819628697
1293.3865852233373
1296.7176790611934
1300.0547742691908
1303.3978816595268
1306.747012063878
1310.1021763334356
1313.4633853389407
1316.8306499707194
1320.2039811387178
1323.5833897725379
1326.9688868214726
1330.360483254541
1333.7581900605244
1337.1620182480021
1340.5719788453862
1343.9880829009578
1347.4103414829033
1350.8387656793493
1354.2733665983992
1357.714155368169
1361.1611431368235
1364.614341072612
1368.0737603639047
1371.5394122192295
1375.0113078673073
1378.4894585570894
1381.9738755577928
1385.464570158938
1388.9615536703843
1392.4648374223677
1395.974432765537
1399.4903510709898
1403.012603730311
1406.5412021556083
1410.07615777955
1413.6174820554013
1417.1651864570624
1420.719282479105
1424.2797816368093
1427.846695466202
1431.4200355240932
1434.9998133881143
1438.5860406567547
1442.1787289494002
1445.7778899063703
1449.383535188956
1452.9956764794576
1456.6143254812223
1460.2394939186822
1463.8711935373926
1467.50943610407
1471.1542334066296
1474.8055972542243
1478.4635394772827
1482.1280719275471
1485.7992064781122
1489.4769550234637
1493.1613294795163
1496.8523417836532
1500.5500038947637
1504.254327793283
1507.9653254812301
1511.6830089822472
1515.4073903416388
1519.13848162641
1522.8762949253066
1526.6208423488533
1530.3721360293937
1534.130188121129
1537.8950108001582
1541.6666162645163
1545.4450167342152
1549.230224451282
1553.0222516798
1556.8211107059474
1560.626813838037
1564.439373406557
1568.2588017642106
1572.0851112859557
1575.9183143690452
1579.758423433067
1583.6054509199848
1587.4594092941775
1591.3203110424804
1595.1881686742254
1599.0629947212813
1602.9448017380946
1606.8336023017305
1610.7294090119128
1614.6322344910654
1618.5420913843534
1622.458992359723
1626.3829501079438
1630.3139773426492
1634.2520868003778
1638.1972912406147
1642.1496034458326
1646.1090362215332
1650.0756023962892
1654.0493148217854
1658.0301863728605
1662.018229947549
1666.013458467122
1670.015884876131
1674.0255221424477
1678.0423832573074
1682.0664812353507
1686.0978291146657
1690.1364399568301
1694.1823268469536
1698.2355028937202
1702.295981229431
1706.3637750100465
1710.4388974152293
1714.5213616483866
1718.6111809367133
1722.7083685312343
1726.8129377068485
1730.9249017623708
1735.0442740205756
1739.1710678282395
1743.3052965561856
1747.4469735993255
1751.596112376704
1755.7527263315415
1759.916828931278
1764.088433667617
1768.2675540565688
1772.4542036384944
1776.6483959781494
1780.850144664728
1785.059463311907
1789.2763655578897
1793.5008650654506
1797.7329755219794
1801.9727106395246
1806.2200841548395
1810.4751098294253
1814.7378014495764
1819.0081728264247
1823.2862377959848
1827.5720102191985
1831.8655039819796
1836.166732995259
1840.4757111950303
1844.792452542394
1849.1169710236034
1853.4492806501096
1857.7893954586075
1862.1373295110802
1866.4930968948456
1870.8567117226014
1875.228188132471
1879.6075402880494
1883.9947823784494
1888.3899286183464
1892.792993248026
1897.2039905334293
1901.622934766199
1906.0498402637259
1910.4847213691955
1914.9275924516344
1919.3784679059563
1923.8373621530093
1928.3042896396225
1932.779264838653
1937.262302249032
1941.7534163958123
1946.2526218302157
1950.7599331296797
1955.2753648979044
1959.798931764901
1964.3306483870379
1968.8705294470885
1973.4185896542797
1977.9748437443384
1982.5393064795398
1987.1119926487554
1991.6929170675
1996.282094577981
2000.8795400491456
2005.485268376729
2010.099294483303
2014.7216333183246
2019.3522998581834
2023.9913091062515
2028.6386760929308
2033.2944158757025
2037.958543539176
2042.6310741951368
2047.3120229825968
2052.0014050678424
2056.6992356444835
2061.4055299335037
2066.120303183309
2070.8435706697765
2075.575347696306
2080.315649593867
2085.06449172105
2089.821889464117
2094.587858237048
2099.3624134815946
2104.1455706673287
2108.9373452916916
2113.737752880046
2118.5468089857254
2123.3645291900834
2128.1909291025468
2133.0260243606635
2137.8698306301553
2142.722363604967
2147.583639007318
2152.4536725877538
2157.3324801251956
2162.2200774269927
2167.116480328973
2172.021704695495
2176.9357664194986
2181.8586814225564
2186.7904656549263
2191.7311350956015
2196.6807057523647
2201.6391936618375
2206.606614889534
2211.582985529911
2216.568321706424
2221.562639571574
2226.5659553069645
2231.5782851233516
2236.5996452606973
2241.6300519882216
2246.669521604455
2251.7180704372927
2256.775714844046
2261.842471211496
2266.918355955947
2272.003385523278
2277.097576388999
2282.200945058302
2287.3135080661136
2292.4352819771525
2297.566283385979
2302.706528917052
2307.8560352247796
2313.0148189935762
2318.1828969379144
2323.3602858023805
2328.547002361728
2333.7430634209327
2338.948485815245
2344.163286410248
2349.387482101909
2354.6210898166355
2359.8641265113306
2365.1166091734467
2370.3785548210417
2375.6499805028334
2380.930903298254
2386.2213403175083
2391.5213087016255
2396.8308256225173
2402.1499082830323
2407.4785739170125
2412.8168397893483
2418.164723196035
2423.5222414642294
2428.8894119523043
2434.266252049906
2439.6527791780113
2445.049010788982
2450.454964366622
2455.8706574262355
2461.2961075146823
2466.731332210435
2472.1763491236356
2477.6311758961533
2483.0958302016415
2488.570329745594
2494.054692265404
2499.5489355304203
2505.0530773420055
2510.5671355335935
2516.0911279707475
2521.6250725512173
2527.168987204998
2532.722889894387
2538.286798614045
2543.8607313910497
2549.444706284958
2555.038741387864
2560.642854824455
2566.257064752074
2571.8813893607753
2577.515846873386
2583.1604555455633
2588.8152336658536
2594.480199555753
2600.155371569766
2605.8407680954647
2611.536407553549
2617.242308397905
2622.9584891156674
2628.684968227276
2634.4217642865383
2640.168895880689
2645.926381630449
2651.694240190088
2657.472490247482
2663.261150524176
2669.060239775446
2674.8697767903554
2680.6897803918196
2686.5202694366653
2692.3612628156925
2698.212779453735
2704.074838309722
2709.94745837674
2715.830658682093
2721.7244582873655
2727.6288762884838
2733.543931815778
2739.4696440340426
2745.406032142602
2751.353115375368
2757.3109130009066
2763.2794443224975
2769.258728678198
2775.2487854409055
2781.249634018419
2787.2612938535035
2793.2837844239534
2799.317125242653
2805.3613358576436
2811.4164358521825
2817.48244484481
2823.559382489411
2829.647268475279
2835.7461225271813
2841.8559644054208
2847.976813905901
2854.1086908601906
2860.2516151355867
2866.4056066351804
2872.57068529792
2878.7468710986773
2884.9341840483094
2891.132644193727
2897.3422716179575
2903.56308644021
2909.7951088159407
2916.0383589369185
2922.2928570312897
2928.558623363645
2934.835678235084
2941.12404198328
2947.4237349825494
2953.7347776439133
2960.0571904151666
2966.390993780943
2972.7362082627824
2979.092854419196
2985.4609528457345
2991.8405241750534
2998.23158907698
3004.634168258582
3011.0482824642327
3017.4739524756787
3023.9111991121076
3030.3600432302155
3036.8205057242744
3043.2926075262
3049.7763696056186
3056.2718129699365
3062.7789586644076
3069.2978277722004
3075.828441414468
3082.3708207504164
3088.9249869773716
3095.490961330849
3102.068765084623
3108.658419550795
3115.2599460798624
3121.873366060789
3128.4987009210727
3135.135972126816
3141.7852011827945
3148.4464096325282
3155.11961905835
3161.804851081476
3168.502127362075
3175.2114695993405
3181.932899531558
3188.666438936179
3195.4121096298886
3202.1699334686773
3208.9399323479124
3215.722128202408
3222.516543006496
3229.3231987740983
3236.142117558798
3242.973321453909
3249.816832592551
3256.672673147717
3263.540865332349
3270.4214313994075
3277.3143936419447
3284.219774393176
3291.1375960265536
3298.0678809558376
3305.0106516351693
3311.965930559144
3318.933740262884
3325.9141033221103
3332.907042353218
3339.912580013348
3346.93073900046
3353.9615420534087
3361.005011952014
3368.061171517136
3375.130043610751
3382.2116511360227
3389.3060170373788
3396.413164300583
3403.533115952811
3410.6658950627248
3417.8115247405476
3424.9700281381383
3432.141428449067
3439.325748908689
3446.523012794222
3453.7332434248187
3460.9564641616466
3468.192698407959
3475.4419696091745
3482.7043012529502
3489.9797168692603
3497.26824003047
3504.569894351414
3511.8847034894707
3519.212691144641
3526.553881059625
3533.9082970198965
3541.275962853783
3548.6569024325404
3556.0511396704333
3563.458698524809
3570.8796029961777
3578.3138771282897
3585.7615450082126
3593.2226307664096
3600.6971585768183
3608.1851526569285
3615.686637267861
3623.201636714445
3630.730175345299
3638.2722775529073
3645.8279677737014
3653.397270488137
3660.980210220775
3668.57681154036
3676.1870990599
3683.811097436747
3691.448831372675
3699.100325613963
3706.7656049514717
3714.444694220727
3722.1376183019975
3729.8444021203777
3737.5650706458673
3745.2996488934527
3753.0481619231878
3760.810634840275
3768.587092795147
3776.3775609835475
3784.1820646466144
3792.0006290709603
3799.833279588754
3807.680041577804
3815.5409404616394
3823.4160017095933
3831.305250836885
3839.2087134047024
3847.126415020285
3855.0583813370067
3863.004638054459
3870.965210918535
3878.940125721511
3886.9294083021323
3894.9330845456952
3902.951180384132
3910.983721796094
3919.030734807037
3927.0922454893034
3935.16827996221
3943.258864392129
3951.364024992575
3959.4837880242903
3967.618179795328
3975.767226661139
3983.930955024656
3992.109391336381
4000.302562094469
4008.5104938448144
4016.7332131811377
4024.970746745071
4033.2231212262454
4041.4903633623753
4049.7724999393467
4058.0695577913043
4066.3815638007372
4074.7085448985667
4083.0505280642333
4091.4075403257843
4099.779608759962
4108.166760492289
4116.569022697159
4124.9864225979245
4133.418987466983
4141.866744625866
4150.3297214453305
4158.807945345442
4167.301443795669
4175.810244314968
4184.334374471877
4192.873861884597
4201.428734221093
4209.999019199171
4218.584744586578
4227.185938201087
4235.802627910588
4244.434841633178
4253.082607337251
4261.745953041592
4270.424906815463
4279.119496778698
4287.82975110179
4296.555698005987
4305.29736576338
4314.054782696994
4322.827977180884
4331.616977640223
4340.421812551395
4349.242510442089
4358.079099891389
4366.931609529868
4375.800068039681
4384.684504154656
4393.5849466603895
4402.501424394339
4411.433966245915
4420.382601156577
4429.347358119926
4438.3282661817975
4447.325354440358
4456.338652046195
4465.368188202419
4474.41399216475
4483.476093241616
4492.554520794248
4501.649304236776
4510.760473036321
4519.8880567130955
4529.032084840494
4538.1925870451905
4547.369593007238
4556.563132460159
4565.773235191045
4574.999931040654
4584.243249903504
4593.503221727972
4602.7798765163925
4612.07324432515
4621.383355264781
4630.710239500069
4640.053927250145
4649.41444878858
4658.791834443488
4668.186114597625
4677.597319688483
4687.025480208391
4696.470626704613
4705.932789779449
4715.412000090332
4724.908288349929
4734.421685326237
4743.952221842689
4753.499928778248
4763.06483706751
4772.6469777008015
4782.246381724284
4791.863080240052
4801.497104406234
4811.148485437093
4820.817254603129
4830.50344323118
4840.207082704523
4849.928204462974
4859.666840002993
4869.423020877785
4879.196778697403
4888.988145128847
4898.797151896169
4908.623830780579
4918.46821362054
4928.330332311879
4938.210218807887
4948.107905119422
4958.023423315013
4967.956805520966
4977.908083921464
4987.877290758676
4997.864458332859
5007.86961900246
5017.892805184229
5027.934049353313
5037.99338404337
5048.07084184667
5058.166455414205
5068.280257455788
5078.4122807401645
5088.562558095116
5098.731122407568
5108.918006623697
5119.123243749033
5129.34686684857
5139.588909046876
5149.849403528194
5160.128383536552
5170.425882375874
5180.741933410081
5191.076570063207
5201.429825819502
5211.801734223541
5222.192328880335
5232.601643455437
5243.029711675054
5253.476567326155
5263.94224425658
5274.426776375149
5284.930197651773
5295.452542117565
5305.993843864949
5316.55413704777
5327.133455881407
5337.731834642879
5348.349307670962
5358.985909366295
5369.641674191497
5380.316636671274
5391.010831392531
5401.724293004489
5412.457056218789
5423.2091558096145
5433.980626613796
5444.771503530926
5455.581821523475
5466.411615616901
5477.2609208997665
5488.129772523847
5499.018205704253
5509.926255719534
5520.853957911802
5531.801347686841
5542.768460514222
5553.755331927419
5564.761997523926
5575.7884929653665
5586.834853977615
5597.901116350911
5608.987315939973
5620.093488664117
5631.219670507371
5642.3658975185945
5653.532205811592
5664.718631565231
5675.92521102356
5687.151980495928
5698.398976357095
5709.666235047359
5720.9537930726665
5732.261687004736
5743.589953481173
5754.9386292055915
5766.30775094773
5777.697355543572
5789.107479895467
5800.538160972248
5811.989435809352
5823.461341508938
5834.953915240012
5846.467194238543
5858.001215807584
5869.556017317397
5881.131636205568
5892.728109977132
5904.345476204695
5915.983772528555
5927.643036656822
5939.3233063655425
5951.02461949882
5962.747013968941
5974.490527756494
5986.255198910494
5998.0410655485075
6009.8481658567725
6021.676538090325
6033.526220573122
6045.397251698167
6057.28966992763
6069.203513792978
6081.138821895097
6093.095632904417
6105.073985561035
6117.073918674848
6129.095471125668
6141.138681863358
6153.203589907953
6165.290234349784
6177.398654349614
6189.528889138754
6201.680978019196
6213.854960363741
6226.050875616123
6238.26876329114
6250.508662974779
6262.770614324349
6275.054657068602
6287.360831007871
6299.689176014191
6312.039732031431
6324.412539075428
6336.807637234107
6349.225066667618
6361.664867608467
6374.12708036164
6386.61174530474
6399.118902888114
6411.6485936349845
6424.200858141583
6436.77573707728
6449.373271184715
6461.993501279933
6474.636468252513
6487.302213065699
6499.990776756539
6512.702200436012
6525.436525289165
6538.193792575243
6550.974043627825
6563.777319854959
6576.603662739294
6589.4531138382135
6602.325714783973
6615.221507283834
6628.140533120198
6641.082834150741
6654.048452308554
6667.037429602274
6680.04980811622
6693.085630010534
6706.144937521313
6719.227772960747
6732.334178717257
6745.464197255632
6758.617871117168
6771.795242919801
6784.996355358251
6798.221251204157
6811.469973306216
6824.742564590323
6838.039068059708
6851.359526795078
6864.703983954752
6878.072482774809
6891.465066569219
6904.881778729988
6918.322662727299
6931.787762109652
6945.277120504004
6958.790781615912
6972.328789229673
6985.891187208467
6999.4780194945
7013.089330109143
7026.725163153079
7040.385562806442
7054.070573328964
7067.780239060115
7081.514604419246
7095.273713905739
7109.057612099144
7122.866343659326
7136.6999533266135
7150.558485921937
7164.441986346979
7178.350499584318
7192.284070697571
7206.2427448315475
7220.226567212387
7234.235583147711
7248.2698380267675
7262.3293773205805
7276.414246582093
7290.524491446319
7304.660157630488
7318.821290934196
7333.007937239553
7347.220142511329
7361.457952797106
7375.721414227429
7390.010573015948
7404.3254754595755
7418.666167938634
7433.032696917005
7447.425108942278
7461.843450645907
7476.287768743357
7490.758110034258
7505.25452140255
7519.777049816647
7534.325742329579
7548.900646079147
7563.501808288078
7578.129276264175
7592.783097400474
7607.463319175392
7622.169989152887
7636.903154982609
7651.662864400053
7666.449165226717
7681.262105370254
7696.10173282463
7710.968095670275
7725.861242074245
7740.781220290373
7755.728078659428
7770.7018656092705
7785.702629655008
7800.730419399157
7815.785283531794
7830.86727083072
7845.976430161613
7861.112810478189
7876.27646082236
7891.467430324392
7906.685768203067
7921.931523765838
7937.204746408996
7952.505485617819
7967.833790966745
7983.1897121195225
7998.573298829377
8013.984600939169
8029.423668381557
8044.890551179162
8060.385299444723
8075.907963381267
8091.458593282265
8107.037239531797
8122.64395260472
8138.278783066824
8153.941781575001
8169.632998877409
8185.352485813631
8201.100293314847
8216.876472403994
8232.681074195934
8248.514149897619
8264.375750808254
8280.26592831947
8296.184733915481
8312.132219173262
8328.108435762704
8344.113435446792
8360.147270081769
8376.209991617297
8392.30165209664
8408.422303656818
8424.571998528785
8440.750789037595
8456.95872760257
8473.195866737477
8489.462259050686
8505.757957245352
8522.08301411958
8538.437482566598
8554.821415574925
8571.234866228548
8587.67788770709
8604.150533285983
8620.652856336643
8637.18491032664
8653.74674881987
8670.338425476737
8686.959994054316
8703.611508406531
8720.293022484333
8737.004590335871
8753.74626610667
8770.518104039802
8787.320158476066
8804.152483854163
8821.015134710871
8837.908165681225
8854.831631498688
8871.785586995333
8888.77008710202
8905.785186848576
8922.830941363967
8939.907405876484
8957.014635713915
8974.15268630373
8991.32161317326
9008.52147194987
9025.75231836115
9043.014208235087
9060.307197500248
9077.631342185965
9094.986698422512
9112.37332244129
9129.791270575004
9147.240599257853
9164.721365025709
9182.233624516297
9199.777434469384
9217.35285172696
9234.959933233426
9252.598736035769
9270.269317283755
9287.971734230117
9305.706044230732
9323.47230474481
9341.270573335081
9359.100907667984
9376.963365513848
9394.858004747082
9412.784883346367
9430.744059394834
9448.735591080262
9466.75953669526
9484.815954637459
9502.9049034097
9521.026441620228
9539.18062798287
9557.367521317241
9575.58718054892
9593.839664709652
9612.125032937534
9630.443344477208
9648.79465868005
9667.179035004367
9685.596533015585
9704.047212386447
9722.531132897202
9741.048354435801
9759.598936998093
9778.18294068801
9796.800425717774
9815.451452408088
9834.136081188324
9852.85437259673
9871.606387280619
9890.392185996569
9909.211829610615
9928.065379098452
9946.952895545632
9965.874440147756
9984.830074210679
10003.819859150704
10022.843856494785
10041.902127880723
10060.994735057368
10080.121739884815
10099.283204334612
10118.479190489954
10137.709760545886
10156.974976809506
10176.274901700164
10195.60959774967
10214.979127602486
10234.383554015943
10253.822939860433
10273.297348119615
10292.806841890624
10312.351484384271
10331.93133892525
10351.54646895234
10371.196938018613
10390.882809791641
10410.604148053702
10430.361016701983
10450.15347974879
10469.981601321753
10489.845445664041
10509.74507713456
10529.680560208168
10549.651959475883
10569.659339645092
10589.702765539758
10609.782302100633
10629.898014385471
10650.04996756923
10670.238226944291
10690.46285792067
10710.723926026221
10731.02149690686
10751.35563632677
10771.726410168616
10792.133884433759
10812.578125242468
10833.059198834137
10853.577171567498
10874.132109920838
10894.72408049221
10915.353149999652
10936.019385281405
10956.722853296124
10977.4636211231
10998.241755962477
11019.057325135465
11039.910396084564
11060.801036373776
11081.729313688833
11102.695295837406
11123.699050749334
11144.740646476837
11165.82015119474
11186.937633200696
11208.093160915401
11229.28680288282
11250.518627770407
11271.788704369334
11293.097101594702
11314.443888485774
11335.829134206197
11357.252908044222
11378.715279412932
11400.216317850469
11421.756093020253
11443.33467471121
11464.952132838005
11486.608537441256
11508.303958687771
11530.038466870774
11551.812132410127
11573.625025852563
11595.477217871916
11617.368779269344
11639.299780973563
11661.270294041076
11683.280389656404
11705.330139132313
11727.419613910051
11749.548885559574
11771.718025779779
11793.92710639874
11816.176199373935
11838.465376792485
11860.794710871382
11883.164273957727
11905.574138528966
11928.024377193116
11950.51506268901
11973.046267886528
11995.618065786834
12018.230529522612
12040.883732358305
12063.577747690348
12086.312649047411
12109.088510090636
12131.90540461387
12154.763406543912
12177.662589940748
12200.603028997793
12223.58479804213
12246.607971534748
12269.672624070792
12292.778830379797
12315.926665325933
12339.116203908243
12362.347521260896
12385.620692653418
12408.935793490948
12432.292899314472
12455.692085801076
12479.133428764186
12502.617004153812
12526.142888056802
12549.71115669708
12573.321886435899
12596.975153772086
12620.67103534229
12644.409607921227
12668.190948421936
12692.015133896022
12715.88224153391
12739.792348665089
12763.74553275837
12787.741871422133
12811.781442404577
12835.864323593976
12859.990593018927
12884.160328848608
12908.373609393026
12932.630513103273
12956.931118571782
12981.275504532576
13005.663749861531
13030.095933576626
13054.5721348382
13079.092432949208
13103.656907355482
13128.265637645984
13152.918703553063
13177.616184952718
13202.358161864853
13227.14471445354
13251.975923027272
13276.851868039232
13301.772630087546
13326.73828991555
13351.748928412044
13376.804626611565
13401.905465694641
13427.051526988056
13452.242891965114
13477.479642245904
13502.761859597564
13528.089625934543
13553.463023318871
13578.882133960422
13604.347040217182
13629.857824595514
13655.414569750425
13681.017358485837
13706.666273754854
13732.361398660027
13758.10281645363
13783.890610537921
13809.724864465425
13835.60566193919
13861.533086813066
13887.50722309198
13913.5281549322
13939.595966641617
13965.710742680007
13991.872567659311
14018.081526343914
14044.33770365091
14070.641184650382
14096.992054565677
14123.390398773683
14149.836302805104
14176.32985234474
14202.871133231758
14229.46023145998
14256.097233178154
14282.782224690236
14309.515292455668
14336.296523089659
14363.126003363466
14390.003820204678
14416.93006069749
14443.904812082992
14470.92816175945
14498.000197282587
14525.121006365871
14552.290676880793
14579.509296857157
14606.776954483363
14634.093738106694
14661.4597362336
14688.875037529988
14716.339730821504
14743.853905093829
14771.417649492956
14799.031053325492
14826.694206058939
14854.407197321982
14882.170116904786
14909.983054759285
14937.846100999468
14965.759345901679
14993.722879904904
15021.73679361107
15049.801177785326
15077.916123356354
15106.081721416649
15134.298063222825
15162.565240195901
15190.883343921607
15219.252466150672
15247.672698799128
15276.144133948601
15304.666863846616
15333.240980906894
15361.866577709648
15390.54374700189
15419.27258169772
15448.053174878638
15476.885619793844
15505.770009860533
15534.706438664205
15563.694999958965
15592.735787667829
15621.828895883025
15650.974418866299
15680.172451049222
15709.423087033496
15738.726421591258
15768.082549665389
15797.491566369821
15826.953566989845
15856.468646982421
15886.036901976484
15915.658427773258
15945.333320346566
15975.061675843137
16004.843590582921
16034.6791610594
16064.568483939898
16094.511656065903
16124.50877445337
16154.559936293042
16184.665238950762
16214.824779967788
16245.038657061114
16275.30696812378
16305.629811225193
16336.007284611447
16366.439486705633
16396.926516108164
16427.468471597098
16458.065452128452
16488.71755683652
16519.424885034205
16550.18753621333
16581.005610044962
16611.879206379745
16642.80842524821
16673.79336686111
16704.834131609736
16735.930820066245
16767.08353298399
16798.292371297845
16829.557436124524
16860.87882876292
16892.25665069443
16923.69100358328
16955.181989276854
16986.72970980603
17018.3342673855
17049.99576441412
17081.714303475223
17113.489987336954
17145.322918952614
17177.213201460985
17209.16093818667
17241.166232640415
17273.229188519457
17305.34990970786
17337.528500276847
17369.76506448513
17402.05970677927
17434.412531793987
17466.82364435252
17499.293149466957
17531.821152338583
17564.40775835821
17597.05307310653
17629.757202354445
17662.520252063423
17695.34232838583
17728.223537665275
17761.163986436968
17794.163781428048
17827.223029557936
17860.341837938682
17893.520313875313
17926.75856486618
17960.056698603305
17993.41482297272
18026.833046054846
18060.311476124807
18093.850221652807
18127.449391304468
18161.109093941188
18194.829438620494
18228.610534596388
18262.452491319713
18296.355418438496
18330.31942579831
18364.344623442626
18398.431121613175
18432.5790307503
18466.78846149332
18501.059524680877
18535.392331351308
18569.786992742993
18604.24362029473
18638.762325646076
18673.34322063773
18707.986417311884
18742.692027912584
18777.460164886103
18812.290940881292
18847.18446874996
18882.14086154723
18917.1602325319
18952.242695166828
18987.388363119284
19022.597350261327
19057.869770670164
19093.205738628534
19128.605368625063
19164.068775354644
19199.59607371881
19235.1873788261
19270.842805992437
19306.562470741497
19342.346488805088
19378.194976123523
19414.108048845996
19450.085823330955
19486.128416146486
19522.235944070682
19558.40852409203
19594.64627340978
19630.94930943434
19667.317749787642
19703.751712303525
19740.251315028123
19776.816676220245
19813.44791435176
19850.145148107975
19886.90849638802
19923.738078305243
19960.634013187588
19997.59642057798
20034.625420234708
20071.72113213184
20108.883676459573
20146.11317362465
20183.409744250737
20220.773509178824
20258.204589467605
20295.70310639388
20333.269181452943
20370.902936358973
20408.604493045437
20446.37397366548
20484.21150059231
20522.117196419622
20560.091183961966
20598.13358625516
20636.24452655669
20674.4241283461
20712.672515325405
20750.989811419477
20789.376140776454
20827.831627768144
20866.356396990428
20904.950573263657
20943.614281633065
20982.347647369166
21021.15079596817
21060.02385315238
21098.9669448706
21137.98019729855
21177.063736839274
21216.21769012354
21255.44218401026
21294.737345586895
21334.103302169875
21373.540181305
21413.048110767868
21452.627218564267
21492.27763293061
21531.999482334348
21571.792895474377
21611.658001281456
21651.594928918636
21691.603807781667
21731.68476749942
21771.83793793431
21812.063449182715
21852.3614315754
21892.732015677928
21933.1753322911
21973.69151245137
22014.280687431263
22054.94298873982
22095.678548122996
22136.487497564114
22177.36996928428
22218.326095742803
22259.356009637646
22300.459843905835
22341.637731723902
22382.889806508312
22424.216201915893
22465.617051844278
22507.092490432326
22548.64265206057
22590.26767135164
22631.96768317071
22673.74282262593
22715.593225068853
22757.519026094902
22799.52036154378
22841.59736749992
22883.750180292933
22925.978936498046
22968.28377293654
23010.66482667619
23053.12223503173
23095.656135565267
23138.266666086754
23180.95396465442
23223.71816957523
23266.559419405312
23309.477852950433
23352.473609266428
23395.546827659662
23438.697647687473
23481.926209158635
23525.2326521338
23568.617116925954
23612.07974410088
23655.6206744776
23699.240049128846
23742.938009381505
23786.714696817085
23830.570253272166
23874.504820838865
23918.518541865298
23962.611558956036
24006.78401497257
24051.036053033775
24095.36781651637
24139.779449055382
24184.271094544623
24228.842897137136
24273.49500124568
24318.22755154319
24363.040692963245
24407.93457070054
24452.90933021136
24497.965117214044
24543.10207768946
24588.320357881472
24633.62010429743
24679.00146370864
24724.464583150813
24770.009609924582
24815.63669159595
24861.345975996785
24907.137611225284
24953.01174564647
24998.968527892655
25045.008106863937
25091.130631728673
25137.33625192396
25183.62511715613
25229.997377401232
25276.45318290551
25322.99268418589
25369.616032030484
25416.323377499062
25463.114871923543
25509.990666908492
25556.95091433161
25603.99576634422
25651.12537537176
25698.3398941143
25745.639475546996
25793.024272920615
25840.494439762027
25888.0501298747
25935.691497339194
25983.41869651366
26031.231882034353
26079.131208816118
26127.1168320529
26175.188907218242
26223.347590065798
26271.593036629823
26319.925403225694
26368.344846450404
26416.851523183075
26465.445590585467
26514.127206102487
26562.896527462693
26611.75371267882
26660.698920048275
26709.732308153656
26758.85403586327
26808.064262331645
26857.363147000044
26906.75084959698
26956.227530138745
27005.793348929907
27055.448466563852
27105.19304392329
27155.027242180782
27204.951222799264
27254.965147532563
27305.069178425925
27355.263477816545
27405.54820833408
27455.92353290119
27506.38961473406
27556.94661734293
27607.594704532617
27658.33404040306
27709.164789349838
27760.08711606471
27811.10118553615
27862.20716304988
27913.405214189395
27964.69550483652
28016.078201171928
28067.55346967569
28119.121477127814
28170.782390608776
28222.536377500073
28274.38360548476
28326.324242547988
28378.35845697756
28430.486417364467
28482.708292603438
28535.024251893487
28587.434464738457
28639.939100947573
28692.538330635998
28745.232324225373
28798.021252444378
28850.905286329275
28903.884597224474
28956.95935678308
29010.129736967458
29063.395910049774
29116.75804861257
29170.216325549314
29223.770914064968
29277.421987676535
29331.169720213635
29385.014285819063
29438.955858949354
29492.994614375344
29547.130727182746
29601.364372772707
29655.695726862377
29710.12496548549
29764.65226499292
29819.277802053264
29874.0017536534
29928.824297099076
29983.745610015478
30038.765870347805
30093.885256361842
30149.103946644547
30204.42212010462
30259.83995597309
30315.357633803887
30370.97533347444
30426.693235186234
30482.51151946542
30538.430367163386
30594.449959457346
30650.570477850924
30706.792104174747
30763.115020587033
30819.53940957418
30876.065453951353
30932.693336863085
30989.42324178387
31046.25535251874
31103.18985320389
31160.22692830725
31217.36676262909
31274.60954130263
31331.95544979462
31389.40467390595
31446.95739977226
31504.613813864533
31562.374102989703
31620.238454291255
31678.20705524984
31736.28009368388
31794.45775775017
31852.740235944493
31911.127717102234
31969.620390398984
32028.218445351158
32086.92207181661
32145.73145999524
32204.646800429622
32263.668284005613
32322.796101952976
32382.030445845994
32441.3715076041
32500.81947949249
32560.374554122744
32620.036924453463
32679.806783790882
32739.684325789505
32799.66974445272
32859.763234133454
32919.964989534754
32980.27520571047
33040.69407806587
33101.22180235825
33161.8585746976
33222.60459154722
33283.46004972437
33344.42514640088
33405.50007910383
33466.68504571617
33527.980244477345
33589.38587398396
33650.90213319042
33712.52922140956
33774.26733831331
33836.11668393333
33898.07745866167
33960.14986325139
34022.33409881725
34084.63036683634
34147.038869148724
34209.55980795812
34272.19338583253
34334.93980570491
34397.79927087383
34460.771985004125
34523.85815212754
34587.05797664344
34650.371663319405
34713.79941729196
34777.34144406718
34840.99794952141
34904.76913990189
34968.655221827445
35032.65640228915
35096.772888650994
35161.00488865057
35225.352610399714
35289.81626238522
35354.396053469485
35419.09219289121
35483.90489026605
35548.83435558732
35613.88079922665
35679.0444319347
35744.3254648418
35809.72410945867
35875.24057767709
35940.875081770595
36006.62783439514
36072.49904858983
36138.48893777756
36204.59771576575
36270.82559674701
36337.172795299855
36403.63952638938
36470.226005367964
36536.932447975974
36603.75907034246
36670.706088985855
36737.77372081467
36804.96218312822
36872.271693617295
36939.70247036488
37007.25473184687
37074.92869693277
37142.72458488641
37210.64261536664
37278.68300842805
37346.84598452171
37415.131764495825
37483.54056959651
37552.07262146847
37620.728142155735
37689.50735410237
37758.410480153194
37827.43774355453
37896.58936795489
37965.86557740571
38035.266596362104
38104.79264968354
38174.44396263463
38244.22076088579
38314.12327051405
38384.15171800372
38454.30633024714
38524.58733454545
38594.99495860929
38665.529430559545
38736.19097892808
38806.97983265851
38877.896221106894
38948.940374042526
39020.11252164865
39091.4128945232
39162.84172367958
39234.399240547384
39306.085676973154
39377.90126522113
39449.84623797401
39521.920828333685
39594.12526982203
39666.45979638161
39738.92464237649
39811.520042592965
39884.246232240315
39957.10344695159
40030.09192278435
40103.21189622145
40176.463604171804
40249.84728397113
40323.36317338275
40397.011510598335
40470.79253423869
40544.70648335452
40618.753597427225
40692.934116369644
40767.24828052685
40841.69633067693
40916.27850803177
40990.995054237814
41065.84621137687
41140.83222196688
41215.953328962714
41291.209775756965
41366.60180618071
41442.129664504326
41517.79359543828
41593.593844133895
41669.53065618418
41745.60427762461
41821.814954933914
41898.16293503489
41974.648465295184
42051.271793528125
42128.0331679935
42204.93283739835
42281.97105089782
42359.14805809591
42436.46410904634
42513.91945425331
42591.51434467234
42669.249031711086
42747.123767230136
42825.138803543836
42903.29439342111
42981.590790086266
43060.02824721984
43138.607018959396
43217.327359900366
43296.18952509687
43375.19377006251
43454.340350771265
43533.62952365825
43613.0615456206
43692.63667401827
43772.3551666749
43852.2172818786
43932.22327838284
44012.373415407244
44092.66795263848
44173.107150231066
44253.6912688082
44334.42056946264
44415.29531375754
44496.315763727274
44577.48218187832
44658.79483119008
44740.25397511575
44821.859877583185
44903.6128029957
44985.51301623301
45067.560782652006
45149.75636808767
45232.10003885392
45314.59206174446
45397.23270403366
45480.02223347742
45562.960918314035
45646.04902726506
45729.28682953618
45812.6745948181
45896.21259328739
45979.9010956074
46063.74037292908
46147.73069689192
46231.87233962479
46316.165573746825
46400.610672368326
46485.20790909164
46569.95755801203
46654.85989371859
46739.9151912951
46825.123726320955
46910.48577487203
46996.001613521585
47081.67151934116
47167.49576990148
47253.47464327334
47339.60841802851
47425.89737324065
47512.34178848621
47598.941943845304
47685.69811990268
47772.610597748564
47859.67965897962
47946.90558569983
48034.28866052143
48121.82916656581
48209.52738746444
48297.383607359785
48385.39811090622
48473.57118327098
48561.90311013504
48650.394177694085
48739.0446726594
48827.85488225883
48916.825094237676
49005.95559685966
49095.24667890785
49184.69862968559
49274.31173901742
49364.08629725006
49454.022595253315
49544.12092442102
49634.381576672
49724.80484445101
49815.39102072967
49906.14039900743
49997.05327331252
50088.12993820289
50179.37068876716
50270.77582062561
50362.345629931115
50454.08041337009
50545.98046816347
50638.04609206768
50730.27758337557
50822.67524091744
50915.23936406192
51007.97025271702
51100.86820733106
51193.93352889366
51287.16651893671
51380.56747953534
51474.1367133089
51567.87452342196
51661.781213585266
51755.85708805674
51850.10245164247
51944.51760969768
52039.102868127724
52133.85853338909
52228.78491249038
52323.882312993315
52419.15104301372
52514.59141122254
52610.2037268468
52705.988299670666
52801.945440036405
52898.0754588454
52994.37866755916
53090.855378200344
53187.50590335374
53284.33055616731
53381.32965035318
53478.50350018867
53575.85242051731
53673.37672674985
53771.0767348653
53868.95276141195
53967.00512350838
54065.2341388445
54163.64012568257
54262.22340285825
54360.98428978163
54459.923106438226
54559.04017339007
54658.33581177672
54757.810343316305
54857.46409030657
54957.29737562591
55057.310522734435
55157.503855675
55257.87769907428
55358.43237814377
55459.16821868091
55560.085547070084
55661.184690283706
55762.46597588326
55863.92973202037
55965.576287437885
56067.4059714709
56169.419114047865
56271.61604569163
56373.99709752052
56476.56260124942
56579.31288919081
56682.248294255915
56785.3691499557
56888.67579040203
56992.16855030867
57095.84776499244
57199.71377037427
57303.76690298029
57408.00749994293
57512.435899001975
57617.052438505736
57721.857457412065
57826.851295289496
57932.03429231834
58037.40678929179
58142.969127617005
58248.72164931625
58354.66469702796
58460.798614007894
58567.123744130215
58673.640431888634
58780.349022397495
58887.249861392906
58994.34329523387
59101.62967090339
59209.10933600961
59316.78263878693
59424.649928097126
59532.7115534305
59640.967864907005
59749.41921327737
59858.06594992425
59966.90842686335
60075.9469967446
60185.182012853234
60294.613829111004
60404.24280007727
60514.06928095019
60624.09362756786
60734.31619640944
60844.737344596346
60955.35742989339
61066.176810709934
61177.195846101065
61288.41489576875
61399.834320063
61511.45447998304
61623.27573717848
61735.2984539505
61847.522993252984
61959.94971869374
62072.578994535645
62185.411185697856
62298.44665775696
62411.685776948194
62525.1289101666
62638.776424968215
62752.6286895713
62866.68607285748
62980.94894437299
63095.41767432982
63210.09263360697
63324.974193751594
63440.06272698025
63555.358606180096
63670.862204910074
63786.57389740215
63902.49405856252
64018.6230639728
64134.96128989128
64251.50911325411
64368.266911676554
64485.23506345417
64602.41394756409
64719.8039436662
64837.405432104395
64955.21879390781
65073.24441079204
65191.482665160394
65309.93394010513
65428.598619408695
65547.47708754495
65666.56972968044
65785.87693167567
65905.39908008625
66025.13656216428
66145.08976585949
66265.25907982061
66385.6448933965
66506.24759663754
66627.06758029677
66748.10523583129
66869.3609554034
66990.83513188196
67112.52815884362
67234.44043057409
67356.57234206947
67478.92428903747
67601.49666789871
67724.28987578803
67847.30431055574
67970.54037076894
68093.99845571278
68217.67896539177
68341.5823005311
68465.7088625779
68590.05905370256
68714.63327680001
68839.43193549107
68964.45543412372
69089.70417777443
69215.17857224945
69340.87902408616
69466.80594055433
69592.95972965752
69719.34080013433
69845.94956145977
69972.78642384654
70099.85179824643
70227.14609635156
70354.66973059581
70482.42311415609
70610.40666095368
70738.62078565563
70867.06590367603
70995.74243117741
71124.65078507204
71253.79138302333
71383.16464344715
71512.77098551321
71642.6108291464
71772.68459502816
71902.99270459783
72033.53558005401
72164.31364435598
72295.327321225
72426.57703514575
72558.06321136761
72689.78627590615
72821.74665554446
72953.94477783449
73086.38107109853
73219.0559644305
73351.96988769741
73485.12327154072
73618.51654737775
73752.15014740305
73886.02450458985
74020.14005269141
74154.49722624244
74289.09646056057
74423.93819174764
74559.02285669124
74694.35089306602
74829.92273933518
74965.73883475186
75101.79961936056
75238.10553399859
75374.65702029745
75511.45452068433
75648.4984783835
75785.78933741772
75923.32754260975
76061.11353958373
76199.14777476665
76337.43069538979
76475.96274949018
76614.74438591204
76753.77605430824
76893.05820514174
77032.59128968709
77172.37576003183
77312.41206907804
77452.7006705437
77593.24201896426
77734.03656969406
77875.0847789078
78016.38710360206
78157.94400159674
78299.75593153657
78441.82335289255
78584.14672596352
78726.72651187758
78869.56317259361
79012.65717090276
79156.00897042996
79299.61903563542
79443.48783181612
79587.61582510735
79732.00348248419
79876.65127176301
80021.55966160304
80166.72912150784
80312.16012182685
80457.85313375687
80603.80862934366
80750.02708148341
80896.50896392428
81043.25475126796
81190.26491897118
81337.53994334726
81485.08030156768
81632.88647166359
81780.95893252736
81929.29816391415
82077.90464644348
82226.77886160072
82375.92129173872
82525.33242007936
82675.01273071507
82824.96270861046
82975.18283960385
83125.67361040886
83276.43550861599
83427.46902269417
83578.7746419924
83730.35285674126
83882.20415805458
84034.32903793096
84186.72798925544
84339.40150580098
84492.35008223022
84645.57421409691
84799.07439784765
84952.85113082346
85106.90491126133
85261.23623829593
85415.84561196115
85570.73353319179
85725.9005038251
85881.3470266025
86037.0736051711
86193.08074408543
86349.36894880903
86505.9387257161
86662.79058209313
86819.92502614054
86977.34256697434
87135.04371462778
87293.028980053
87451.29887512267
87609.85391263165
87768.69460629868
87927.82147076805
88087.23502161118
88246.93577532843
88406.92424935063
88567.20096204088
88727.76643269614
88888.62118154897
89049.76572976915
89211.20059946546
89372.9263136873
89534.9433964264
89697.25237261855
89859.85376814523
90022.74810983542
90185.93592546719
90349.4177437695
90513.19409442387
90677.26550806612
90841.63251628804
91006.29565163917
91171.25544762851
91336.51243872623
91502.06716036542
91667.9201489438
91834.07194182549
92000.52307734275
92167.27409479767
92334.325534464
92501.67793758886
92669.33184639445
92837.28780407987
93005.54635482289
93174.10804378163
93342.97341709642
93512.1430218915
93681.61740627686
93851.39711934992
94021.48271119742
94191.87473289711
94362.57373651958
94533.58027513007
94704.8949027902
94876.51817455981
95048.45064649876
95220.69287566871
95393.24542013493
95566.10883896812
95739.28369224622
95912.77054105619
96086.56994749588
96260.68247467584
96435.1086867211
96609.84914877305
96784.90442699124
96960.27508855524
97135.96170166644
97311.96483554994
97488.28506045634
97664.92294766365
97841.87906947908
98019.15399924092
98196.74831132042
98374.66258112362
98552.89738509321
98731.45330071043
98910.33090649692
99089.53078201659
99269.0535078775
99448.89966573376
99629.06983828738
99809.5646092902
99990.38456354575
